10 100
4.81 3.45 0.94 2.51 2.87 1.37 2.76 3.43 2.88 1.21 4.65 4.72 1.54 2.65 1.98 4.2 1.63 1.83 3.43 1.18 3.09 4.6 1.39 3.69 4.17 0.52 3.89 3.78 4.54 0.75 1.99 4.04 1.51 2.03 4.67 0.23 3.47 2.53 4.6 4.03 0.29 4.48 4.79 3.04 2.79 3.56 2.41 4.61 2.27 2.22 1.95 3.96 3.34 0.27 0.37 1.69 3.38 4.42 0.39 4.96 2.73 0.59 3.89 1.9 2.81 1.8 1.61 0.45 3.75 4.42 4.75 3.44 0.74 4.08 3.56 5.0 3.76 0.83 0.58 4.55 3.18 0.2 4.58 3.48 0.38 1.41 0.78 4.85 0.45 0.78 1.78 0.76 0.83 2.84 0.23 2.18 2.23 2.59 3.59 1.92
1.12 1.3 1.21 4.04 3.52 1.13 0.23 3.41 0.85 3.57 3.24 3.14 1.55 1.64 4.15 1.23 1.69 0.63 0.14 2.98 3.52 1.88 4.97 0.54 2.06 0.3 2.74 2.82 1.77 4.66 3.1 3.21 2.97 0.42 1.5 3.29 2.1 1.3 0.96 0.54 3.38 2.35 0.31 0.31 4.28 1.34 3.49 0.69 4.49 4.88 2.79 3.17 4.48 4.48 3.52 2.33 3.43 3.81 0.74 1.58 1.95 0.62 1.81 0.53 2.34 2.3 1.37 2.24 4.2 4.76 1.42 0.73 4.83 1.66 0.55 4.92 4.76 5.0 3.16 1.44 0.42 2.94 1.91 1.33 2.72 0.12 1.82 2.4 4.54 0.77 1.19 3.28 1.42 4.4 2.12 2.64 1.7 3.87 3.03 1.06
4.98 0.58 4.35 3.6 0.18 0.69 1.43 4.43 1.66 3.24 0.31 1.13 1.43 3.68 1.7 2.03 3.37 1.85 1.34 2.11 1.42 3.55 0.8 1.61 0.41 1.51 3.65 0.72 4.5 1.54 0.36 3.32 4.49 1.7 3.38 0.96 0.64 3.63 4.21 2.58 0.47 1.45 2.88 4.2 0.74 1.83 1.46 4.34 0.9 3.47 0.39 1.48 4.41 1.46 1.77 0.95 0.26 2.47 3.27 2.69 3.99 0.42 3.68 0.99 0.44 4.45 2.18 1.33 1.52 0.7 2.15 4.67 3.91 2.96 2.9 1.97 4.94 1.03 3.02 3.56 3.13 1.92 3.73 3.2 3.29 1.01 0.24 4.57 4.81 2.11 4.55 0.63 3.1 3.37 2.89 3.5 2.5 4.65 4.52 2.54
3.61 0.97 4.96 0.34 4.4 2.86 0.34 0.7 1.43 4.81 4.46 1.8 1.36 4.26 1.69 2.68 4.32 1.68 4.03 3.37 1.03 4.72 0.15 1.62 3.82 2.29 0.29 0.32 4.45 4.22 1.73 4.68 1.18 2.77 1.47 3.27 0.16 4.24 1.86 4.07 1.74 0.86 2.17 0.56 0.2 4.5 3.75 2.94 0.97 3.17 1.15 4.92 3.39 2.7 4.51 4.93 4.39 3.08 3.76 0.54 2.75 3.16 1.7 0.13 1.74 3.28 1.68 3.92 3.41 2.32 0.18 1.59 0.57 0.86 3.14 1.72 4.11 1.1 4.05 4.89 2.14 3.89 0.94 3.06 2.45 3.37 0.33 2.13 0.97 4.36 3.56 1.33 2.01 4.35 2.47 4.88 2.23 3.38 0.22 0.74
1.38 3.16 1.68 4.36 4.9 2.18 2.01 4.16 1.22 4.85 0.25 4.35 0.28 3.63 2.48 0.35 4.46 1.3 1.34 4.75 3.07 2.52 4.27 4.67 1.39 0.72 1.58 2.88 2.06 2.71 3.09 1.79 1.4 4.18 2.43 3.3 1.05 3.81 2.18 2.53 0.48 2.2 1.34 3.08 2.64 4.2 3.08 1.43 1.76 2.62 3.76 2.37 2.29 0.2 2.98 2.36 3.55 3.14 2.34 2.54 2.69 4.45 1.96 0.15 0.6 1.73 1.34 4.19 2.2 2.43 4.05 3.61 1.12 4.52 1.9 2.89 2.14 1.0 2.28 2.6 1.82 3.51 2.19 4.73 2.31 1.56 1.79 3.7 3.59 4.39 2.95 4.35 0.23 4.7 1.62 2.15 4.03 4.59 2.89 4.49
2.3 1.11 0.24 4.39 3.74 1.11 4.13 3.38 3.43 0.91 4.66 1.97 4.92 2.09 0.64 4.03 4.15 1.44 2.22 3.73 3.51 4.97 4.6 4.26 1.74 2.45 2.32 3.97 0.42 3.81 0.57 2.03 1.64 4.26 4.19 3.28 1.26 0.23 1.68 1.55 3.71 4.15 4.5 4.6 4.4 0.61 2.9 4.98 2.98 4.27 1.44 4.86 1.73 0.86 2.55 3.13 2.34 3.53 2.74 0.65 3.22 0.39 0.27 2.9 3.84 3.71 4.78 0.15 0.78 2.57 4.77 3.16 1.27 3.65 4.79 0.83 3.37 1.16 1.6 2.22 2.77 2.63 4.0 2.34 3.54 3.49 3.76 2.95 1.0 2.16 1.95 3.41 1.98 3.65 3.4 4.93 2.29 3.74 0.65 0.2
4.24 0.56 3.65 3.34 3.92 4.25 1.29 2.18 0.25 3.88 3.87 1.52 2.5 4.17 1.37 4.55 3.61 2.72 2.82 4.33 2.45 1.63 0.17 1.8 1.8 3.54 2.17 1.59 3.35 3.36 1.81 3.03 0.7 4.53 3.48 2.45 0.45 3.64 2.72 0.86 0.62 3.24 0.64 1.5 2.03 4.26 4.53 2.31 1.27 0.26 4.75 1.77 3.65 2.19 4.3 1.21 1.01 2.62 0.89 1.39 2.86 0.84 2.04 3.36 0.58 0.37 0.16 3.69 3.54 4.29 2.3 4.25 3.28 2.75 3.53 1.89 0.34 2.59 2.85 0.75 2.31 2.38 0.34 4.3 0.81 0.7 0.35 0.64 3.34 2.16 4.33 1.55 3.88 2.74 3.56 4.7 1.93 3.84 2.36 1.3
4.98 4.48 0.18 4.64 1.46 1.07 4.08 2.1 1.25 2.29 3.65 3.38 0.99 1.69 3.29 2.91 4.47 1.64 4.21 2.19 4.06 0.65 3.87 4.85 1.6 3.26 3.9 2.57 4.34 4.77 3.67 3.89 3.92 2.54 4.06 3.59 1.64 0.24 2.18 3.61 0.57 1.47 4.42 4.31 2.63 1.46 2.52 1.04 2.32 0.72 0.48 2.41 4.72 3.59 1.7 1.03 1.24 3.74 4.86 4.31 3.51 1.07 2.77 3.93 0.53 4.45 3.55 1.13 1.76 3.6 0.66 4.21 1.45 2.92 3.63 3.67 3.28 0.43 0.53 4.46 1.75 1.37 2.27 2.37 3.83 3.38 3.46 1.51 2.65 1.6 4.52 4.63 0.89 1.32 4.73 1.54 2.13 1.77 4.46 2.35
2.51 2.66 0.13 1.98 4.6 0.11 4.25 1.95 1.27 2.44 2.57 0.31 3.72 4.46 3.92 3.37 2.02 4.71 2.37 0.82 2.39 4.73 1.86 0.84 1.58 4.04 3.9 3.23 2.57 3.12 2.02 1.87 1.4 2.06 2.31 0.15 4.68 3.57 3.88 1.48 3.28 3.9 0.17 3.08 3.62 2.64 2.82 2.07 3.51 0.85 1.63 2.49 2.5 2.36 0.95 3.69 2.33 3.69 4.73 1.66 3.21 4.39 4.18 4.33 4.41 4.85 3.13 1.78 4.38 2.46 4.98 2.76 2.5 1.36 3.51 1.56 1.67 0.95 0.3 3.01 2.06 3.39 4.18 0.64 3.99 2.84 4.65 2.24 2.56 4.2 0.71 4.22 3.09 0.53 0.41 0.85 4.47 4.23 3.22 2.58
0.21 4.18 3.53 0.73 4.74 1.8 4.99 1.06 3.94 0.18 0.16 3.8 2.16 3.02 4.36 4.31 2.79 4.07 0.88 4.09 3.33 4.81 0.6 3.82 0.41 3.52 3.7 4.65 2.56 2.82 3.38 0.41 1.21 3.57 1.82 3.51 1.35 2.46 1.86 1.1 1.29 0.93 3.68 4.29 2.6 0.45 3.58 2.4 0.48 2.24 0.5 4.9 1.08 2.8 4.2 0.29 1.31 1.97 2.05 4.95 1.0 0.85 4.16 4.64 3.54 1.57 2.4 4.13 0.9 0.12 4.26 1.37 3.9 3.61 1.28 3.92 0.31 0.26 1.41 3.32 3.65 0.92 0.57 3.39 4.4 3.82 1.58 4.13 1.5 0.8 4.2 3.28 1.5 3.61 3.73 2.04 3.37 0.37 4.97 4.6
