1 7 2 89 265
2 3 11 26 257
3 12 3 98 246
4 8 6 47 131
5 9 11 181 369
6 12 2 91 75
7 8 1 9 70
8 3 8 135 216
9 8 12 75 478
10 12 1 196 172
11 12 9 3 331
12 12 3 133 352
13 1 8 89 1
14 4 8 141 461
15 2 8 30 258
16 6 1 60 289
17 11 4 18 326
18 8 11 160 82
19 2 9 180 11
20 7 10 134 447
21 10 4 104 199
22 6 10 186 468
23 9 8 123 83
24 5 1 37 40
25 3 5 95 61
26 1 7 60 187
27 5 1 11 458
28 1 6 79 381
29 1 11 180 174
30 6 8 111 312
31 8 12 82 450
32 11 3 3 280
33 8 12 84 184
34 7 10 34 279
35 1 3 194 411
36 8 9 71 353
37 12 2 139 189
38 9 8 142 75
39 12 6 179 138
40 10 8 4 446
41 5 9 167 107
42 2 9 18 214
43 1 11 154 457
44 7 6 56 61
45 3 9 10 2
46 8 1 127 318
47 12 5 67 240
48 4 6 35 310
49 11 9 88 138
50 5 2 144 310
51 12 8 113 410
52 5 11 39 136
53 6 2 95 371
54 1 3 49 484
55 4 5 26 318
56 3 7 19 292
57 6 9 179 14
58 6 3 110 51
59 3 8 155 299
60 2 12 69 62
61 2 6 2 273
62 2 5 159 440
63 2 11 35 409
64 6 11 177 181
65 5 6 47 243
66 12 11 163 272
67 5 6 188 329
68 4 11 105 254
69 9 8 98 170
70 10 7 74 81
71 6 11 81 395
72 8 11 129 404
73 9 7 144 134
74 7 2 0 218
75 5 3 161 130
76 3 5 97 30
77 6 8 94 310
78 2 3 157 96
79 1 11 13 86
80 3 8 82 314
81 12 3 172 259
82 2 6 176 432
83 10 8 184 71
84 5 4 111 25
85 11 6 179 42
86 10 4 189 173
87 6 2 115 205
88 7 2 116 473
89 8 7 32 431
90 11 9 114 196
91 1 11 126 153
92 9 12 129 454
93 3 8 116 320
94 12 4 45 328
95 1 2 96 135
96 9 12 120 111
97 2 12 167 217
98 6 9 121 101
99 8 2 15 429
