1 3 1 0 385
2 3 1 0 417
3 3 2 0 428
4 3 2 2 429
5 3 2 2 66
6 1 3 1 114
7 3 1 2 141
8 3 2 0 124
9 3 1 1 143
10 3 2 1 69
11 1 2 2 337
12 2 3 1 320
13 3 1 1 41
14 2 1 0 378
15 2 3 2 367
16 2 1 0 237
17 1 3 1 108
18 3 2 0 43
19 2 1 2 413
20 1 2 1 118
21 3 1 0 282
22 2 1 1 247
23 3 2 0 316
24 1 3 0 43
25 2 3 2 290
26 2 1 0 388
27 3 1 1 46
28 3 2 0 194
29 2 3 0 446
30 3 2 1 175
31 2 3 2 237
32 3 2 0 316
33 3 1 2 469
34 2 1 2 13
35 1 3 1 295
36 2 3 1 176
37 2 1 0 236
38 2 3 0 496
39 2 3 1 131
40 3 2 0 414
41 3 1 1 312
42 3 2 1 101
43 1 3 1 277
44 2 3 2 181
45 3 2 2 276
46 1 2 0 103
47 1 3 0 216
48 2 1 2 221
49 3 2 1 426
50 3 1 0 28
51 1 2 2 409
52 2 1 2 236
53 3 2 0 86
54 3 1 0 283
55 2 1 2 382
56 2 1 0 184
57 1 2 1 133
58 2 3 0 129
59 1 2 0 270
60 3 1 1 411
61 1 3 2 78
62 2 1 2 91
63 2 3 0 48
64 2 1 1 352
65 1 3 2 134
66 3 2 2 192
67 3 1 0 172
68 1 3 1 119
69 3 2 0 74
70 3 2 2 495
71 2 1 2 448
72 2 1 2 222
73 1 2 1 305
74 1 3 0 204
75 1 2 0 428
76 2 3 2 314
77 1 2 2 347
78 3 2 2 95
79 3 1 0 342
80 3 1 0 351
81 3 1 1 101
82 3 1 1 150
83 2 1 2 281
84 2 3 2 465
85 3 2 0 345
86 2 3 0 348
87 1 3 0 479
88 3 1 2 151
89 2 1 0 147
90 1 3 0 490
91 2 3 0 487
92 2 3 0 416
93 1 2 0 105
94 3 1 0 44
95 3 1 1 84
96 2 3 2 61
97 2 1 0 195
98 3 1 0 48
99 2 1 1 107
