1 1 5 1000 500 500 400 250
2 2 1 1000 500 500 400 250
3 3 2 1000 500 500 400 250
4 4 3 1000 500 500 400 250
5 5 4 1000 500 500 400 250
6 5 6 1000 300 150 100 25 125 10
7 6 5 1000 300 150 100 25 125 10
8 1 6 1000 200 150 100 25 125 10
9 6 1 1000 200 150 100 25 125 10
10 2 6 1000 550 150 100 25 125 10
11 6 2 1000 250 150 100 25 125 10
12 6 3 1000 150 150 100 25 125 10
13 3 6 1000 150 150 100 25 125 10
14 4 6 1000 150 150 100 25 125 10
15 6 4 1000 350 150 100 25 125 10
16 6 7 10000 3000 2500 500 2000 750 500
17 12 8 750 250 300 200 175
18 8 9 750 250 300 200 175
19 9 10 750 250 300 200 175
20 10 11 750 250 300 200 175
21 11 12 750 250 300 200 175
22 12 7 1000 175 200 100 50
23 7 12 1000 175 200 100 50
24 11 7 1000 275 200 100 50
25 7 11 1000 275 200 100 50
26 10 7 1000 175 200 100 50
27 7 10 1000 175 200 100 50
28 9 7 1000 175 200 100 50
29 7 9 1000 175 200 100 50
30 8 7 1000 175 200 100 50
31 7 8 1000 175 200 100 50
32 7 6 10000 3000 2500 500 2000 750 500
33 7 13 10000 1000 2000 500 1000
34 13 7 10000 1000 2000 500 1000
35 13 14 500 50 50 25 25
36 14 13 500 50 50 25 25
37 13 15 500 50 50 25 25
38 15 13 500 50 50 25 25
39 13 16 500 50 50 25 25
40 16 13 500 50 50 25 25
41 13 17 500 50 50 25 25
42 17 13 500 50 50 25 25
43 13 18 500 50 50 25 25
44 18 13 500 50 50 25 25
45 14 15 2000 1000 500 250 500
46 15 16 2000 1000 500 250 500
47 16 17 2000 1000 500 250 500
48 17 18 2000 1000 500 250 500
49 18 14 2000 1000 500 250 500
